-0.00047046
0.00195183
0.0605175
0.404068
1.68294
5.33359
13.9752
31.6699
63.8282
116.577
195.559
304.355
442.95
606.763
786.703
970.388
1144.33
1296.49
1418.49
1506.89
1563.16
1592.59
1602.47
1600.27
1592.22
1582.64
1573.89
1566.85
1561.55
1557.7
1555.1
1553.82
1554.19
1556.75
1562.07
1570.54
1582.22
1596.64
1612.82
1629.35
1644.64
1657.21
1666.01
1670.58
1671.15
1668.51
1663.79
1658.18
1652.64
1647.69
1643.36
1639.27
1634.84
1629.55
1623.15
1615.84
1608.18
1600.99
1595.1
1591.16
1589.5
1590.13
1592.81
1597.18
1602.88
1609.65
1617.37
1626.01
1635.54
1645.76
1656.2
1665.95
1673.73
1678.04
1677.49
1671.21
1659.25
1642.7
1623.62
1604.65
1588.47
1577.13
1571.68
1571.87
1576.31
1582.81
1588.9
1592.38
1591.82
1586.76
1577.72
1565.96
1553.11
1540.73
1530.13
1522.16
1517.38
1516.15
1518.79
1525.58
1536.67
1551.81
1570.2
1590.41
1610.49
1628.26
1641.69
1649.33
1650.55
1645.66
1635.88
1623.07
1609.42
1597.08
1587.79
1582.63
1581.99
1585.59
1592.74
1602.62
1614.43
1627.54
1641.4
1655.42
1668.82
1680.57
1689.57
1694.85
1695.93
1693.04
1687.26
1680.31
1674.25
1670.97
1671.7
1676.72
1685.27
1695.77
1706.17
1714.47
1719.09
1719.11
1714.32
1705.04
1691.96
1675.94
1657.95
1639.05
1620.45
1603.56
1589.94
1581.15
1578.43
1582.48
1593.11
1609.21
1628.8
1649.4
1668.48
1684.02
1694.87
1700.95
1703.14
1702.83
1701.54
1700.37
1699.78
1699.52
1698.81
1696.7
1692.42
1685.58
1676.29
1665.11
1652.88
1640.63
1629.42
1620.31
1614.3
1612.14
1614.2
1620.22
1629.21
1639.56
1649.39
1657.02
1661.56
1663.19
1663.21
1663.69
1666.83
1674.32
1686.8
1703.67
1723.16
1742.71
1759.45
1770.71
1774.42
1769.4
1755.56
1733.88
1706.35
1675.73
1645.22
1617.96
1596.6
1582.91
1577.54
1580.03
1588.94
1602.23
1617.63
1633.04
1646.76
1657.64
1665.1
1669.03
1669.69
1667.53
1663.17
1657.31
1650.64
1643.87
1637.61
1632.36
1628.43
1625.94
1624.78
1624.71
1625.43
1626.63
1628.12
1629.72
1631.27
1632.48
1633
1632.41
1630.52
1627.55
1624.29
1622.13
1622.75
1627.68
1637.8
1652.98
1672.02
1692.83
1712.91
1729.99
1742.42
1749.48
1751.35
1748.88
1743.23
1735.44
1726.16
1715.51
1703.09
1688.21
1670.22
1648.84
1624.45
1598.22
1572.04
1548.14
1528.72
1515.45
1509.1
1509.42
1515.24
1524.77
1536.05
1547.39
1557.65
1566.39
1573.79
1580.53
1587.49
1595.49
1605.12
1616.5
1629.3
1642.67
1655.39
1665.96
1672.86
1674.81
1671.02
1661.47
1646.99
1629.22
1610.41
1592.98
1579.01
1569.8
1565.57
1565.41
1567.64
1570.27
1571.67
1571.06
1568.74
1565.92
1564.29
1565.34
1569.81
1577.32
1586.38
1594.74
1600.09
1600.69
1595.93
1586.56
1574.43
1562.01
1551.67
1545.03
1542.63
1543.9
1547.58
1552.22
1556.79
1560.93
1565.02
1569.87
1576.33
1584.9
1595.47
1607.41
1619.72
1631.4
1641.68
1650.22
1657.12
1662.73
1667.57
1672.1
1676.67
1681.47
1686.55
1691.81
1696.89
1701.16
1703.7
1703.42
1699.32
1690.84
1678.25
1662.74
1646.34
1631.53
1620.6
1615.1
1615.41
1620.67
1629.02
1638.14
1645.81
1650.4
1651.2
1648.44
1643.16
1636.98
1631.82
1629.55
1631.79
1639.65
1653.52
1672.98
1696.76
1722.81
1748.52
1771.05
1787.76
1796.56
1796.32
1787.04
1769.81
1746.68
1720.18
1692.96
1667.33
1645.02
1627.03
1613.78
1605.22
1601.04
1600.79
1603.89
1609.55
1616.68
1623.86
1629.43
1631.77
1629.65
1622.59
1611.16
1596.92
1582.13
1569.34
1560.72
1557.68
1560.55
1568.67
1580.57
1594.41
1608.29
1620.62
1630.23
1636.52
1639.4
1639.26
1636.78
1632.77
1627.89
1622.57
1616.9
1610.81
1604.25
1597.48
1591.21
1586.54
1584.75
1586.94
1593.63
1604.61
1618.82
1634.66
1650.27
1663.98
1674.67
1681.98
1686.34
1688.78
1690.64
1693.08
1696.76
1701.52
1706.35
1709.66
1709.61
1704.76
1694.4
1678.88
1659.44
1637.96
1616.38
1596.34
1578.78
1564.02
1551.9
1542.12
1534.61
1529.64
1527.81
1529.84
1536.18
1546.71
1560.59
1576.27
1591.82
1605.38
1615.61
1622.04
1625.17
1626.17
1626.56
1627.55
1629.7
1632.69
1635.45
1636.54
1634.71
1629.36
1620.79
1610.26
1599.66
1591.12
1586.52
1587.12
1593.32
1604.65
1619.79
1636.8
1653.37
1667.16
1676.15
1679.09
1675.72
1666.98
1654.83
1641.83
1630.64
1623.31
1620.87
1623.04
1628.36
1634.47
1638.72
1638.73
1632.9
1620.77
1603.08
1581.61
1558.81
1537.26
1519.2
1506.17
1498.86
1497.22
1500.75
1508.89
1521.15
1537.24
1556.79
1579.14
1603.09
1626.92
1648.58
1666.19
1678.43
1684.9
1686.07
1683.15
1677.63
1670.97
1664.29
1658.25
1653.03
1648.37
1643.67
1638.11
1630.85
1621.29
1609.4
1595.9
1582.34
1570.84
1563.68
1562.74
1569.06
1582.56
1602.1
1625.75
1651.33
1676.8
1700.7
1722.18
1740.97
1757.03
1770.24
1780.15
1785.96
1786.68
1781.49
1770.12
1753.08
1731.74
1708.09
1684.35
1662.45
1643.76
1628.81
1617.43
1608.98
1602.72
1598.13
1595.06
1593.75
1594.58
1597.82
1603.43
1610.91
1619.38
1627.74
1634.95
1640.22
1643.12
1643.62
1641.98
1638.66
1634.21
1629.14
1623.84
1618.48
1612.99
1607.1
1600.42
1592.66
1583.84
1574.44
1565.41
1557.99
1553.34
1552.14
1554.25
1558.64
1563.64
1567.42
1568.67
1567.11
1563.76
1560.72
1560.55
1565.53
1576.79
1593.97
1615.23
1637.8
1658.87
1676.3
1689.2
1697.92
1703.64
1707.73
1711.06
1713.67
1714.75
1712.98
1707.04
1696.16
1680.46
1660.97
1639.5
1618.28
1599.5
1584.97
1575.81
1572.38
1574.3
1580.64
1590.18
1601.71
1614.19
1626.9
1639.43
1651.56
1663.12
1673.85
1683.43
1691.46
1697.7
1702.18
1705.24
1707.51
1709.61
1711.89
1714.09
1715.27
1713.87
1708.15
1696.62
1678.57
1654.39
1625.55
1594.45
1563.88
1536.59
1514.87
1500.3
1493.69
1495.22
1504.49
1520.74
1542.87
1569.55
1599.28
1630.47
1661.52
1690.88
1717.1
1738.9
1755.2
1765.26
1768.79
1766.03
1757.75
1745.09
1729.32
1711.6
1692.83
1673.61
1654.42
1635.74
1618.22
1602.59
1589.59
1579.72
1573.15
1569.74
1569.14
1571.07
1575.39
1582.07
1591
1601.68
1613.12
1623.88
1632.43
1637.64
1639.2
1637.78
1634.85
1632.1
1630.88
1631.72
1634.23
1637.35
1639.85
1640.82
1639.94
1637.46
1633.97
1629.99
1625.81
1621.41
1616.6
1611.3
1605.67
1600.19
1595.51
1592.32
1591.09
1591.99
1594.94
1599.6
1605.54
1612.26
1619.19
1625.64
1630.85
1633.97
1634.2
1630.94
1623.92
1613.26
1599.5
1583.48
1566.21
1548.77
1532.3
1517.93
1506.77
1499.84
1497.88
1501.12
1509.12
1520.72
1534.22
1547.83
1560.11
1570.46
1579.24
1587.63
1597.19
1609.23
1624.35
1642.2
1661.6
1680.95
1698.72
1713.76
1725.44
1733.48
1737.6
1737.31
1731.84
1720.4
1702.6
1678.89
1650.77
1620.71
1591.7
1566.65
1547.78
1536.3
1532.29
1535
1543.17
1555.48
1570.82
1588.33
1607.33
1627.16
1647.03
1666
1683.1
1697.51
1708.75
1716.81
1722.11
1725.3
1727.1
1728.02
1728.32
1727.98
1726.83
1724.65
1721.23
1716.38
1709.85
1701.27
1690.2
1676.22
1659.14
1639.18
1617.1
1594.18
1572.09
1552.62
1537.45
1527.84
1524.46
1527.35
1535.95
1549.18
1565.62
1583.68
1601.82
1618.74
1633.59
1646.14
1656.8
1666.56
1676.64
1688.13
1701.59
1716.65
1732
1745.5
1754.62
1757
1751.01
1736.22
1713.57
1685.26
1654.38
1624.35
1598.28
1578.5
1566.25
1561.68
1564.09
1572.21
1584.66
1600.1
1617.41
1635.64
1653.9
1671.36
1687.17
1700.6
1711.13
1718.51
1722.84
1724.43
1723.66
1720.81
1715.98
1709.07
1699.94
1688.61
1675.4
1661.04
1646.56
1633.07
1621.54
1612.65
1606.73
1603.91
1604.36
1608.39
1616.48
1629.12
1646.48
1668.08
1692.6
1717.94
1741.51
1760.79
1773.82
1779.66
1778.49
1771.49
1760.4
1747.09
1733.11
1719.44
1706.5
1694.26
1682.48
1670.84
1659.05
1646.86
1634.04
1620.45
1606.12
1591.41
1577.06
1564.16
1553.98
1547.66
1545.96
1549.06
1556.51
1567.38
1580.48
1594.64
1608.95
1622.85
1636.13
1648.66
1660.19
1670.07
1677.16
1679.98
1677.03
1667.32
1650.79
1628.6
1603.04
1577.03
1553.58
1535.01
1522.54
1516.16
1514.79
1516.79
1520.55
1524.9
1529.44
1534.45
1540.68
1548.94
1559.73
1572.98
1588.08
1603.99
1619.61
1634.05
1646.8
1657.69
1666.7
1673.64
1678.02
1679.06
1676.03
1668.64
1657.49
1644.16
1630.97
1620.44
1614.49
1613.86
1617.78
1624.11
1629.99
1632.61
1630.03
1621.78
1608.97
1594.03
1580.18
1570.59
1567.74
1572.84
1585.65
1604.52
1626.82
1649.53
1669.89
1686.05
1697.36
1704.42
1708.75
1712.12
1715.89
1720.48
1725.15
1728.25
1727.79
1722.2
1710.94
1694.74
1675.51
1655.81
1638.22
1624.78
1616.64
1614.05
1616.48
1622.88
1631.93
1642.13
1651.91
1659.73
1664.23
1664.54
1660.5